0 0001 -6.75266 16.477 -12.2779 3.9423 0 360 4.54837 1
0 0002 -16.0415 -4.7157 -27.861 15.2134 0 360 1.42708 1
11.8522 0008 1.30374 -5.208 17.2799 -14.9414 21.8522 66.8522 0.358653 1
47.4691 0008 1.30374 -5.208 17.2799 -14.9414 21.8522 66.8522 0.358653 2
85.6521 0007 2.00452 12.0192 8.65377 13.985 95.6521 140.652 3.09364 1
197.315 0005 12.8163 -3.54088 2.59361 -9.60269 207.315 252.315 4.31149 1
221.923 0009 -1.77498 -1.39716 12.3948 -10.8323 231.923 276.923 4.06083 1
223.891 0006 -8.14875 -0.126883 -16.4409 -19.2522 233.891 278.891 2.01995 1
234.136 0004 13.8259 -2.98531 -1.32639 -20.9752 244.136 289.136 2.40187 1
251.317 0006 -8.14875 -0.126883 -16.4409 -19.2522 233.891 278.891 2.01995 2
251.777 0009 -1.77498 -1.39716 12.3948 -10.8323 231.923 276.923 4.06083 2
275.799 0010 -1.28287 -2.85176 -17.4113 -21.9044 285.799 330.799 0.275462 1
294.671 0003 7.02299 14.9337 -3.31862 0.369259 304.671 349.671 1.65999 1
346.94 0003 7.02299 14.9337 -3.31862 0.369259 304.671 349.671 1.65999 2
